[gd_scene load_steps=3 format=2]

[ext_resource path="res://Planet.gd" type="Script" id=1]
[ext_resource path="res://FaceWithHiddenMargin.gd" type="Script" id=3]

[node name="Planet" type="Spatial"]
script = ExtResource( 1 )

[node name="Up" type="MeshInstance" parent="."]
transform = Transform( -0.984333, 0, 0.179111, 0, 1, 0, -0.179111, 0, -0.984333, 0, 0, 0 )
script = ExtResource( 3 )
normal = Vector3( 0, 1, 0 )

[node name="Down" type="MeshInstance" parent="."]
transform = Transform( -0.984333, 0, 0.179111, 0, 1, 0, -0.179111, 0, -0.984333, 0, 0, 0 )
visible = false
script = ExtResource( 3 )
normal = Vector3( 0, -1, 0 )

[node name="Left" type="MeshInstance" parent="."]
transform = Transform( -0.984333, 0, 0.179111, 0, 1, 0, -0.179111, 0, -0.984333, 0, 0, 0 )
visible = false
script = ExtResource( 3 )
normal = Vector3( -1, 0, 0 )

[node name="Right" type="MeshInstance" parent="."]
transform = Transform( -0.984333, 0, 0.179111, 0, 1, 0, -0.179111, 0, -0.984333, 0, 0, 0 )
visible = false
script = ExtResource( 3 )
normal = Vector3( 1, 0, 0 )

[node name="Back" type="MeshInstance" parent="."]
transform = Transform( -0.984333, 0, 0.179111, 0, 1, 0, -0.179111, 0, -0.984333, 0, 0, 0 )
visible = false
script = ExtResource( 3 )
normal = Vector3( 0, 0, -1 )

[node name="Front" type="MeshInstance" parent="."]
transform = Transform( -0.984333, 0, 0.179111, 0, 1, 0, -0.179111, 0, -0.984333, 0, 0, 0 )
visible = false
script = ExtResource( 3 )
normal = Vector3( 0, 0, 1 )
